#  Description for UT/CSR monthly C20 RL-05 time series from SLR
#
#  Column 1: Approximate mid-point of monthly solution (years)
#  Column 2: C20 from SLR (normalized)
#  Column 3: Delta C20 relative to a mean value of -4.841694723127E-4 (1E-10)
#  Column 4: Solution sigma (1E-10)
#  Column 5: Mean value of Atmosphere-Ocean De-aliasing model (1E-10)
#  Columns 6-7: Start and end dates of data used in solution (YearMonthDay.Seconds)
#
#  The RL-05 background gravity model includes solid earth and ocean tides, solid 
#  earth and ocean pole tides, and the Atmosphere-Ocean De-aliasing (AOD1B) product.
#  However, the monthly mean of the AOD model has been restored. 
#
#  SLR estimates always use the full set of days in each calendar month.
#
 2002.0411  -4.8416940601E-04  0.6630  0.3885  0.6149   20020101.0000   20020201.0000
 2002.1232  -4.8416944861E-04  0.2370  0.3540 -0.1101   20020201.0000   20020301.0000
 2002.2026  -4.8416934875E-04  1.2356  0.3349  0.6143   20020301.0000   20020401.0000
 2002.2875  -4.8416931415E-04  1.5816  0.4235  0.4632   20020401.0000   20020501.0000
 2002.3696  -4.8416931012E-04  1.6219  0.3574  0.8046   20020501.0000   20020601.0000
 2002.4545  -4.8416945319E-04  0.1912  0.3885 -0.2643   20020601.0000   20020701.0000
 2002.5367  -4.8416961576E-04 -1.4345  0.3878 -0.6197   20020701.0000   20020801.0000
 2002.6215  -4.8416967182E-04 -1.9951  0.3696 -0.8447   20020801.0000   20020901.0000
 2002.7064  -4.8416958517E-04 -1.1286  0.4265 -0.3419   20020901.0000   20021001.0000
 2002.7885  -4.8416946300E-04  0.0931  0.3708  0.6775   20021001.0000   20021101.0000
 2002.8734  -4.8416948879E-04 -0.1648  0.4114  0.1828   20021101.0000   20021201.0000
 2002.9555  -4.8416939434E-04  0.7797  0.4311  0.3629   20021201.0000   20030101.0000
 2003.0411  -4.8416936293E-04  1.0938  0.4176  0.6770   20030101.0000   20030201.0000
 2003.1232  -4.8416931721E-04  1.5510  0.3680  1.1802   20030201.0000   20030301.0000
 2003.2026  -4.8416932144E-04  1.5087  0.3264  0.6162   20030301.0000   20030401.0000
 2003.2875  -4.8416939456E-04  0.7775  0.4131 -0.0079   20030401.0000   20030501.0000
 2003.3696  -4.8416943496E-04  0.3735  0.3702 -0.4106   20030501.0000   20030601.0000
 2003.4545  -4.8416938305E-04  0.8926  0.3419  0.3396   20030601.0000   20030701.0000
 2003.5367  -4.8416962690E-04 -1.5459  0.3822 -0.7533   20030701.0000   20030801.0000
 2003.6215  -4.8416966988E-04 -1.9757  0.3157 -0.7281   20030801.0000   20030901.0000
 2003.7064  -4.8416957682E-04 -1.0451  0.3386 -0.3452   20030901.0000   20031001.0000
 2003.7885  -4.8416960656E-04 -1.3425  0.3829 -0.4754   20031001.0000   20031101.0000
 2003.8734  -4.8416946153E-04  0.1078  0.4221  0.4276   20031101.0000   20031201.0000
 2003.9555  -4.8416939177E-04  0.8054  0.3853  0.7051   20031201.0000   20040101.0000
 2004.0411  -4.8416935814E-04  1.1417  0.3812  1.0177   20040101.0000   20040201.0000
 2004.1232  -4.8416933454E-04  1.3777  0.3844  1.0100   20040201.0000   20040301.0000
 2004.2054  -4.8416939701E-04  0.7530  0.3949  0.2171   20040301.0000   20040401.0000
 2004.2902  -4.8416940768E-04  0.6463  0.4617  0.0917   20040401.0000   20040501.0000
 2004.3724  -4.8416943709E-04  0.3522  0.3893 -0.4559   20040501.0000   20040601.0000
 2004.4573  -4.8416953429E-04 -0.6198  0.4556 -1.0611   20040601.0000   20040701.0000
 2004.5394  -4.8416961208E-04 -1.3977  0.4624 -0.8993   20040701.0000   20040801.0000
 2004.6243  -4.8416958526E-04 -1.1295  0.3600 -0.3610   20040801.0000   20040901.0000
 2004.7091  -4.8416959012E-04 -1.1781  0.4305 -0.6797   20040901.0000   20041001.0000
 2004.7913  -4.8416952834E-04 -0.5603  0.4295 -0.5893   20041001.0000   20041101.0000
 2004.8761  -4.8416949899E-04 -0.2668  0.4114 -0.0946   20041101.0000   20041201.0000
 2004.9583  -4.8416930201E-04  1.7030  0.4534  1.0260   20041201.0000   20050101.0000
 2005.0411  -4.8416929146E-04  1.8085  0.3465  1.3850   20050101.0000   20050201.0000
 2005.1232  -4.8416929456E-04  1.7775  0.4538  0.9710   20050201.0000   20050301.0000
 2005.2026  -4.8416929763E-04  1.7468  0.4489  0.3862   20050301.0000   20050401.0000
 2005.2875  -4.8416935079E-04  1.2152  0.3864 -0.1959   20050401.0000   20050501.0000
 2005.3696  -4.8416936209E-04  1.1022  0.3607 -0.0951   20050501.0000   20050601.0000
 2005.4545  -4.8416934734E-04  1.2497  0.3663  0.2970   20050601.0000   20050701.0000
 2005.5367  -4.8416958853E-04 -1.1622  0.3502 -1.1018   20050701.0000   20050801.0000
 2005.6215  -4.8416958811E-04 -1.1580  0.3521 -0.8218   20050801.0000   20050901.0000
 2005.7064  -4.8416958360E-04 -1.1129  0.3785 -0.5537   20050901.0000   20051001.0000
 2005.7885  -4.8416952557E-04 -0.5326  0.3581 -0.2912   20051001.0000   20051101.0000
 2005.8734  -4.8416946205E-04  0.1026  0.4210  0.3573   20051101.0000   20051201.0000
 2005.9555  -4.8416923740E-04  2.3491  0.4029  2.1204   20051201.0000   20060101.0000
 2006.0411  -4.8416930092E-04  1.7139  0.3824  1.4761   20060101.0000   20060201.0000
 2006.1232  -4.8416931151E-04  1.6080  0.4175  1.0997   20060201.0000   20060301.0000
 2006.2026  -4.8416934981E-04  1.2250  0.4192  0.6160   20060301.0000   20060401.0000
 2006.2875  -4.8416936769E-04  1.0462  0.4015  0.5058   20060401.0000   20060501.0000
 2006.3696  -4.8416946483E-04  0.0748  0.3678 -0.6649   20060501.0000   20060601.0000
 2006.4545  -4.8416944767E-04  0.2464  0.3213 -0.6021   20060601.0000   20060701.0000
 2006.5367  -4.8416961809E-04 -1.4578  0.3028 -1.0210   20060701.0000   20060801.0000
 2006.6215  -4.8416952389E-04 -0.5158  0.3214 -0.1125   20060801.0000   20060901.0000
 2006.7064  -4.8416957183E-04 -0.9952  0.3359 -0.5455   20060901.0000   20061001.0000
 2006.7885  -4.8416956875E-04 -0.9644  0.3309 -0.7232   20061001.0000   20061101.0000
 2006.8734  -4.8416937907E-04  0.9324  0.3637  0.5748   20061101.0000   20061201.0000
 2006.9555  -4.8416938947E-04  0.8284  0.3585  0.0672   20061201.0000   20070101.0000
 2007.0411  -4.8416941255E-04  0.5976  0.3593  0.6267   20070101.0000   20070201.0000
 2007.1232  -4.8416929241E-04  1.7990  0.4260  0.8772   20070201.0000   20070301.0000
 2007.2026  -4.8416926650E-04  2.0581  0.3226  1.0309   20070301.0000   20070401.0000
 2007.2875  -4.8416935816E-04  1.1415  0.3506  0.4575   20070401.0000   20070501.0000
 2007.3696  -4.8416938686E-04  0.8545  0.3228 -0.0297   20070501.0000   20070601.0000
 2007.4545  -4.8416937010E-04  1.0221  0.3337  0.3939   20070601.0000   20070701.0000
 2007.5367  -4.8416949967E-04 -0.2736  0.3551  0.1823   20070701.0000   20070801.0000
 2007.6215  -4.8416961142E-04 -1.3911  0.3254 -0.7042   20070801.0000   20070901.0000
 2007.7064  -4.8416959200E-04 -1.1969  0.3583 -0.7040   20070901.0000   20071001.0000
 2007.7885  -4.8416954573E-04 -0.7342  0.3573 -0.0261   20071001.0000   20071101.0000
 2007.8734  -4.8416949894E-04 -0.2663  0.3898  0.4128   20071101.0000   20071201.0000
 2007.9555  -4.8416940618E-04  0.6613  0.4173  0.6674   20071201.0000   20080101.0000
 2008.0411  -4.8416941183E-04  0.6048  0.4147  0.8103   20080101.0000   20080201.0000
 2008.1232  -4.8416941115E-04  0.6116  0.3421  0.5070   20080201.0000   20080301.0000
 2008.2054  -4.8416940181E-04  0.7050  0.3581  0.0807   20080301.0000   20080401.0000
 2008.2902  -4.8416931260E-04  1.5971  0.3839  0.7153   20080401.0000   20080501.0000
 2008.3724  -4.8416937734E-04  0.9497  0.3519  0.3363   20080501.0000   20080601.0000
 2008.4573  -4.8416953076E-04 -0.5845  0.3751 -0.9147   20080601.0000   20080701.0000
 2008.5394  -4.8416963419E-04 -1.6188  0.3483 -0.9445   20080701.0000   20080801.0000
 2008.6243  -4.8416965883E-04 -1.8652  0.3135 -0.6870   20080801.0000   20080901.0000
 2008.7091  -4.8416961755E-04 -1.4524  0.3701 -0.9023   20080901.0000   20081001.0000
 2008.7913  -4.8416965303E-04 -1.8072  0.3358 -1.3594   20081001.0000   20081101.0000
 2008.8761  -4.8416952892E-04 -0.5661  0.3893 -0.0839   20081101.0000   20081201.0000
 2008.9583  -4.8416944269E-04  0.2962  0.3917  0.6930   20081201.0000   20090101.0000
 2009.0411  -4.8416940063E-04  0.7168  0.3639  0.7448   20090101.0000   20090201.0000
 2009.1232  -4.8416935105E-04  1.2126  0.3773  1.0361   20090201.0000   20090301.0000
 2009.2026  -4.8416941050E-04  0.6181  0.3490  0.4982   20090301.0000   20090401.0000
 2009.2875  -4.8416943244E-04  0.3987  0.3720  0.1266   20090401.0000   20090501.0000
 2009.3696  -4.8416941779E-04  0.5452  0.3741  0.3258   20090501.0000   20090601.0000
 2009.4545  -4.8416939832E-04  0.7399  0.4776  0.4447   20090601.0000   20090701.0000
 2009.5367  -4.8416952818E-04 -0.5587  0.3632 -0.0456   20090701.0000   20090801.0000
 2009.6215  -4.8416958449E-04 -1.1218  0.3511 -0.3675   20090801.0000   20090901.0000
 2009.7064  -4.8416960743E-04 -1.3512  0.3617 -0.4844   20090901.0000   20091001.0000
 2009.7885  -4.8416950406E-04 -0.3175  0.3851  0.0249   20091001.0000   20091101.0000
 2009.8734  -4.8416942781E-04  0.4450  0.4293  0.8484   20091101.0000   20091201.0000
 2009.9555  -4.8416933176E-04  1.4055  0.4584  1.1477   20091201.0000   20100101.0000
 2010.0411  -4.8416927282E-04  1.9949  0.3740  1.7507   20100101.0000   20100201.0000
 2010.1232  -4.8416931288E-04  1.5943  0.3985  1.4931   20100201.0000   20100301.0000
 2010.2026  -4.8416939913E-04  0.7318  0.3722  0.2055   20100301.0000   20100401.0000
 2010.2875  -4.8416943698E-04  0.3533  0.4403  0.0604   20100401.0000   20100501.0000
 2010.3696  -4.8416941251E-04  0.5980  0.4290 -0.0868   20100501.0000   20100601.0000
 2010.4545  -4.8416956991E-04 -0.9760  0.4258 -1.3323   20100601.0000   20100701.0000
 2010.5367  -4.8416972875E-04 -2.5644  0.4077 -1.5275   20100701.0000   20100801.0000
 2010.6215  -4.8416972146E-04 -2.4915  0.3624 -1.2371   20100801.0000   20100901.0000
 2010.7064  -4.8416963666E-04 -1.6435  0.3679 -0.4569   20100901.0000   20101001.0000
 2010.7885  -4.8416968261E-04 -2.1030  0.3877 -0.8329   20101001.0000   20101101.0000
 2010.8734  -4.8416956905E-04 -0.9674  0.3931 -0.2978   20101101.0000   20101201.0000
 2010.9555  -4.8416929618E-04  1.7613  0.4620  1.6019   20101201.0000   20110101.0000
 2011.0411  -4.8416932287E-04  1.4944  0.3921  1.7057   20110101.0000   20110201.0000
 2011.1232  -4.8416936750E-04  1.0481  0.4518  0.7870   20110201.0000   20110301.0000
 2011.2026  -4.8416943182E-04  0.4049  0.3465  0.4068   20110301.0000   20110401.0000
 2011.2875  -4.8416945225E-04  0.2006  0.4237  0.2325   20110401.0000   20110501.0000
 2011.3696  -4.8416950970E-04 -0.3739  0.3370 -0.4398   20110501.0000   20110601.0000
 2011.4545  -4.8416952900E-04 -0.5669  0.3581 -0.6351   20110601.0000   20110701.0000
 2011.5367  -4.8416959989E-04 -1.2758  0.3642 -0.1470   20110701.0000   20110801.0000
 2011.6215  -4.8416961800E-04 -1.4569  0.3369 -0.4781   20110801.0000   20110901.0000
 2011.7064  -4.8416962834E-04 -1.5603  0.3322 -0.5852   20110901.0000   20111001.0000
 2011.7885  -4.8416965769E-04 -1.8538  0.3574 -0.6287   20111001.0000   20111101.0000
 2011.8734  -4.8416950296E-04 -0.3065  0.3987  0.5187   20111101.0000   20111201.0000
 2011.9555  -4.8416953791E-04 -0.6560  0.4644 -0.0013   20111201.0000   20120101.0000
 2012.0411  -4.8416947552E-04 -0.0321  0.3576  1.0724   20120101.0000   20120201.0000
 2012.1232  -4.8416941857E-04  0.5374  0.3781  1.3618   20120201.0000   20120301.0000
 2012.2054  -4.8416948616E-04 -0.1385  0.3361  0.4158   20120301.0000   20120401.0000
 2012.2902  -4.8416953808E-04 -0.6577  0.3894 -0.3369   20120401.0000   20120501.0000
 2012.3724  -4.8416949621E-04 -0.2390  0.3254 -0.2464   20120501.0000   20120601.0000
 2012.4573  -4.8416953852E-04 -0.6621  0.3830  0.0126   20120601.0000   20120701.0000
 2012.5394  -4.8416975495E-04 -2.8264  0.3230 -0.8960   20120701.0000   20120801.0000
 2012.6243  -4.8416973892E-04 -2.6661  0.3262 -0.9870   20120801.0000   20120901.0000
 2012.7091  -4.8416971754E-04 -2.4523  0.3795 -1.0394   20120901.0000   20121001.0000
 2012.7913  -4.8416956579E-04 -0.9348  0.3553  0.1712   20121001.0000   20121101.0000
 2012.8761  -4.8416950045E-04 -0.2814  0.4494  0.5031   20121101.0000   20121201.0000
 2012.9583  -4.8416942950E-04  0.4281  0.5075  1.3850   20121201.0000   20130101.0000
 2013.0411  -4.8416945653E-04  0.1578  0.4134  0.9796   20130101.0000   20130201.0000
 2013.1232  -4.8416948658E-04 -0.1427  0.4124  0.6611   20130201.0000   20130301.0000
 2013.2026  -4.8416947427E-04 -0.0196  0.4071  0.3943   20130301.0000   20130401.0000
 2013.2875  -4.8416948461E-04 -0.1230  0.3816 -0.0463   20130401.0000   20130501.0000
 2013.3696  -4.8416952155E-04 -0.4924  0.3848 -0.3609   20130501.0000   20130601.0000
 2013.4545  -4.8416950516E-04 -0.3285  0.3703  0.0676   20130601.0000   20130701.0000
 2013.5367  -4.8416969665E-04 -2.2434  0.3927 -0.5258   20130701.0000   20130801.0000
 2013.6215  -4.8416966305E-04 -1.9074  0.3864  0.0092   20130801.0000   20130901.0000
 2013.7064  -4.8416962562E-04 -1.5331  0.3648  0.0478   20130901.0000   20131001.0000
 2013.7885  -4.8416967432E-04 -2.0201  0.3741 -0.4995   20131001.0000   20131101.0000
 2013.8734  -4.8416957124E-04 -0.9893  0.4171  0.3817   20131101.0000   20131201.0000
 2013.9555  -4.8416940526E-04  0.6705  0.3946  1.1814   20131201.0000   20140101.0000
 2014.0411  -4.8416944487E-04  0.2744  0.3669  1.0393   20140101.0000   20140201.0000
 2014.1232  -4.8416940197E-04  0.7034  0.3933  1.2256   20140201.0000   20140301.0000
 2014.2026  -4.8416950015E-04 -0.2784  0.3491  0.2540   20140301.0000   20140401.0000
 2014.2875  -4.8416951126E-04 -0.3895  0.3704 -0.0655   20140401.0000   20140501.0000
 2014.3696  -4.8416946896E-04  0.0335  0.3683  0.3178   20140501.0000   20140601.0000
 2014.4545  -4.8416958733E-04 -1.1502  0.3325 -0.3784   20140601.0000   20140701.0000
 2014.5367  -4.8416969731E-04 -2.2500  0.3318 -0.8889   20140701.0000   20140801.0000
 2014.6215  -4.8416971140E-04 -2.3909  0.3392 -0.7144   20140801.0000   20140901.0000
 2014.7064  -4.8416966748E-04 -1.9517  0.3960 -0.0518   20140901.0000   20141001.0000
 2014.7885  -4.8416966078E-04 -1.8847  0.3719 -0.2461   20141001.0000   20141101.0000
 2014.8734  -4.8416948417E-04 -0.1186  0.3796  0.7590   20141101.0000   20141201.0000
 2014.9555  -4.8416956972E-04 -0.9741  0.3914  0.3945   20141201.0000   20150101.0000
 2015.0411  -4.8416955386E-04 -0.8155  0.4274  0.5801   20150101.0000   20150201.0000
 2015.1232  -4.8416949517E-04 -0.2286  0.5105  0.4782   20150201.0000   20150301.0000
 2015.2026  -4.8416950467E-04 -0.3236  0.3612  0.2576   20150301.0000   20150401.0000
 2015.2875  -4.8416957529E-04 -1.0298  0.3741 -0.1942   20150401.0000   20150501.0000
 2015.3696  -4.8416953940E-04 -0.6709  0.3241 -0.3040   20150501.0000   20150601.0000
 2015.4545  -4.8416958939E-04 -1.1708  0.3382 -0.4815   20150601.0000   20150701.0000
 2015.5367  -4.8416974069E-04 -2.6838  0.3451 -1.0124   20150701.0000   20150801.0000
 2015.6215  -4.8416973640E-04 -2.6409  0.3331 -0.7588   20150801.0000   20150901.0000
 2015.7064  -4.8416967294E-04 -2.0063  0.3662 -0.4338   20150901.0000   20151001.0000
 2015.7885  -4.8416962674E-04 -1.5443  0.3795 -0.4503   20151001.0000   20151101.0000
 2015.8734  -4.8416955112E-04 -0.7881  0.4246  0.0545   20151101.0000   20151201.0000
 2015.9555  -4.8416950552E-04 -0.3321  0.3847  0.4634   20151201.0000   20160101.0000
 2016.0411  -4.8416942851E-04  0.4380  0.4787  0.8884   20160101.0000   20160201.0000
 2016.1232  -4.8416945639E-04  0.1592  0.3323  0.3382   20160201.0000   20160301.0000
 2016.2054  -4.8416954546E-04 -0.7315  0.4047 -0.4051   20160301.0000   20160401.0000
 2016.2902  -4.8416942917E-04  0.4314  0.4327  0.1556   20160401.0000   20160501.0000
 2016.3724  -4.8416947685E-04 -0.0454  0.4101 -0.0836   20160501.0000   20160601.0000
 2016.4573  -4.8416962990E-04 -1.5759  0.4370 -1.0941   20160601.0000   20160701.0000
 2016.5394  -4.8416968809E-04 -2.1578  0.4592 -0.4942   20160701.0000   20160801.0000
 2016.6243  -4.8416962118E-04 -1.4887  0.3789 -0.0530   20160801.0000   20160901.0000
 2016.7091  -4.8416974638E-04 -2.7407  0.3713 -0.8626   20160901.0000   20161001.0000